$
&TorusMap
v3e05L01n01_T1_1
3
435 743 59 509
-1 2 [0 2] 2 [0 3] 1 [0 0] 3 [0 4] 3 [0 5] 1 [0 0] 
-2 3 [0 1] 1 [0 2] 1 [0 3] 
-3 2 [0 1] 1 [0 4] 1 [0 5] 
0

$
&TorusMap
v3e05L01n01_T1_2
3
435 743 59 509
-1 2 [0 2] 3 [0 4] 2 [0 3] 1 [0 0] 3 [0 5] 1 [0 0] 
-2 3 [0 1] 1 [0 2] 1 [0 3] 
-3 2 [0 1] 1 [0 4] 1 [0 5] 
0

$
&TorusMap
v3e05L01n01_T1_3
3
435 743 59 509
-1 2 [0 2] 3 [0 4] 1 [0 0] 3 [0 5] 2 [0 3] 1 [0 0] 
-2 3 [0 1] 1 [0 2] 1 [0 3] 
-3 2 [0 1] 1 [0 5] 1 [0 4] 
0

$
&TorusMap
v3e05L01n01_T2_1
3
435 743 59 509
-1 2 [0 2] 3 [0 4] 1 [0 0] 2 [0 3] 3 [0 5] 1 [0 0] 
-2 3 [0 1] 1 [0 2] 1 [0 3] 
-3 2 [0 1] 1 [0 5] 1 [0 4] 
0

$
&TorusMap
v3e05L01n01_T3_1
3
435 743 59 509
-1 2 [0 2] 3 [0 4] 1 [0 0] 3 [0 5] 2 [0 3] 1 [0 0] 
-2 3 [0 1] 1 [0 3] 1 [0 2] 
-3 2 [0 1] 1 [0 4] 1 [0 5] 
0

